DaysSinceStart = 32
LvObfuscation = false
93200,1,1,30a4b1a5-cdca-4aab-ac1e-29597a97a718,-1
98000,1,1,526f9738-df45-4541-8580-4e98ffb8faef,-1
101200,1,1,09a986bc-6462-4f64-9e1c-0784d19831aa,-1
89400,1,1,47771995-9dd1-474a-85c1-262b442d010d,-1
200,1,1,3de3297e-8084-4923-a26b-54d8a7e07190,-1
201,1,1,6f352ed9-750a-40db-958c-f66e675b376a,-1
203,1,1,dbd1c43a-70d6-4244-b5d1-025f4d874683,-1
204,1,1,637d2460-10bc-4c43-9559-8e68c6b16902,-1
205,1,1,435b486e-c0d3-48de-9c24-39de58a83e88,-1
91200,1,1,none,-1
107600,1,1,none,-1
95000,1,1,none,-1
102000,1,1,GEN-839176,-1
